1000
30000
29970
29940
29910
29880
29850
29820
29790
29760
29730
29700
29670
29640
29610
29580
29550
29520
29490
29460
29430
29400
29370
29340
29310
29280
29250
29220
29190
29160
29130
29100
29070
29040
29010
28980
28950
28920
28890
28860
28830
28800
28770
28740
28710
28680
28650
28620
28590
28560
28530
28500
28470
28440
28410
28380
28350
28320
28290
28260
28230
28200
28170
28140
28110
28080
28050
28020
27990
27960
27930
27900
27870
27840
27810
27780
27750
27720
27690
27660
27630
27600
27570
27540
27510
27480
27450
27420
27390
27360
27330
27300
27270
27240
27210
27180
27150
27120
27090
27060
27030
27000
26970
26940
26910
26880
26850
26820
26790
26760
26730
26700
26670
26640
26610
26580
26550
26520
26490
26460
26430
26400
26370
26340
26310
26280
26250
26220
26190
26160
26130
26100
26070
26040
26010
25980
25950
25920
25890
25860
25830
25800
25770
25740
25710
25680
25650
25620
25590
25560
25530
25500
25470
25440
25410
25380
25350
25320
25290
25260
25230
25200
25170
25140
25110
25080
25050
25020
24990
24960
24930
24900
24870
24840
24810
24780
24750
24720
24690
24660
24630
24600
24570
24540
24510
24480
24450
24420
24390
24360
24330
24300
24270
24240
24210
24180
24150
24120
24090
24060
24030
24000
23970
23940
23910
23880
23850
23820
23790
23760
23730
23700
23670
23640
23610
23580
23550
23520
23490
23460
23430
23400
23370
23340
23310
23280
23250
23220
23190
23160
23130
23100
23070
23040
23010
22980
22950
22920
22890
22860
22830
22800
22770
22740
22710
22680
22650
22620
22590
22560
22530
22500
22470
22440
22410
22380
22350
22320
22290
22260
22230
22200
22170
22140
22110
22080
22050
22020
21990
21960
21930
21900
21870
21840
21810
21780
21750
21720
21690
21660
21630
21600
21570
21540
21510
21480
21450
21420
21390
21360
21330
21300
21270
21240
21210
21180
21150
21120
21090
21060
21030
21000
20970
20940
20910
20880
20850
20820
20790
20760
20730
20700
20670
20640
20610
20580
20550
20520
20490
20460
20430
20400
20370
20340
20310
20280
20250
20220
20190
20160
20130
20100
20070
20040
20010
19980
19950
19920
19890
19860
19830
19800
19770
19740
19710
19680
19650
19620
19590
19560
19530
19500
19470
19440
19410
19380
19350
19320
19290
19260
19230
19200
19170
19140
19110
19080
19050
19020
18990
18960
18930
18900
18870
18840
18810
18780
18750
18720
18690
18660
18630
18600
18570
18540
18510
18480
18450
18420
18390
18360
18330
18300
18270
18240
18210
18180
18150
18120
18090
18060
18030
18000
17970
17940
17910
17880
17850
17820
17790
17760
17730
17700
17670
17640
17610
17580
17550
17520
17490
17460
17430
17400
17370
17340
17310
17280
17250
17220
17190
17160
17130
17100
17070
17040
17010
16980
16950
16920
16890
16860
16830
16800
16770
16740
16710
16680
16650
16620
16590
16560
16530
16500
16470
16440
16410
16380
16350
16320
16290
16260
16230
16200
16170
16140
16110
16080
16050
16020
15990
15960
15930
15900
15870
15840
15810
15780
15750
15720
15690
15660
15630
15600
15570
15540
15510
15480
15450
15420
15390
15360
15330
15300
15270
15240
15210
15180
15150
15120
15090
15060
15030
15000
14970
14940
14910
14880
14850
14820
14790
14760
14730
14700
14670
14640
14610
14580
14550
14520
14490
14460
14430
14400
14370
14340
14310
14280
14250
14220
14190
14160
14130
14100
14070
14040
14010
13980
13950
13920
13890
13860
13830
13800
13770
13740
13710
13680
13650
13620
13590
13560
13530
13500
13470
13440
13410
13380
13350
13320
13290
13260
13230
13200
13170
13140
13110
13080
13050
13020
12990
12960
12930
12900
12870
12840
12810
12780
12750
12720
12690
12660
12630
12600
12570
12540
12510
12480
12450
12420
12390
12360
12330
12300
12270
12240
12210
12180
12150
12120
12090
12060
12030
12000
11970
11940
11910
11880
11850
11820
11790
11760
11730
11700
11670
11640
11610
11580
11550
11520
11490
11460
11430
11400
11370
11340
11310
11280
11250
11220
11190
11160
11130
11100
11070
11040
11010
10980
10950
10920
10890
10860
10830
10800
10770
10740
10710
10680
10650
10620
10590
10560
10530
10500
10470
10440
10410
10380
10350
10320
10290
10260
10230
10200
10170
10140
10110
10080
10050
10020
9990
9960
9930
9900
9870
9840
9810
9780
9750
9720
9690
9660
9630
9600
9570
9540
9510
9480
9450
9420
9390
9360
9330
9300
9270
9240
9210
9180
9150
9120
9090
9060
9030
9000
8970
8940
8910
8880
8850
8820
8790
8760
8730
8700
8670
8640
8610
8580
8550
8520
8490
8460
8430
8400
8370
8340
8310
8280
8250
8220
8190
8160
8130
8100
8070
8040
8010
7980
7950
7920
7890
7860
7830
7800
7770
7740
7710
7680
7650
7620
7590
7560
7530
7500
7470
7440
7410
7380
7350
7320
7290
7260
7230
7200
7170
7140
7110
7080
7050
7020
6990
6960
6930
6900
6870
6840
6810
6780
6750
6720
6690
6660
6630
6600
6570
6540
6510
6480
6450
6420
6390
6360
6330
6300
6270
6240
6210
6180
6150
6120
6090
6060
6030
6000
5970
5940
5910
5880
5850
5820
5790
5760
5730
5700
5670
5640
5610
5580
5550
5520
5490
5460
5430
5400
5370
5340
5310
5280
5250
5220
5190
5160
5130
5100
5070
5040
5010
4980
4950
4920
4890
4860
4830
4800
4770
4740
4710
4680
4650
4620
4590
4560
4530
4500
4470
4440
4410
4380
4350
4320
4290
4260
4230
4200
4170
4140
4110
4080
4050
4020
3990
3960
3930
3900
3870
3840
3810
3780
3750
3720
3690
3660
3630
3600
3570
3540
3510
3480
3450
3420
3390
3360
3330
3300
3270
3240
3210
3180
3150
3120
3090
3060
3030
3000
2970
2940
2910
2880
2850
2820
2790
2760
2730
2700
2670
2640
2610
2580
2550
2520
2490
2460
2430
2400
2370
2340
2310
2280
2250
2220
2190
2160
2130
2100
2070
2040
2010
1980
1950
1920
1890
1860
1830
1800
1770
1740
1710
1680
1650
1620
1590
1560
1530
1500
1470
1440
1410
1380
1350
1320
1290
1260
1230
1200
1170
1140
1110
1080
1050
1020
990
960
930
900
870
840
810
780
750
720
690
660
630
600
570
540
510
480
450
420
390
360
330
300
270
240
210
180
150
120
90
60
30
