10000
6198
9592
3834
1446
5740
2203
3702
4413
6869
7886
3125
5958
 448
 226
 224
1046
5736
2738
8024
6074
2483
 987
4581
8205
2640
3178
6800
1083
5247
5133
9589
3111
 656
4135
4682
6079
8617
4097
 415
4023
2578
5760
6384
7429
4488
2705
1259
1601
6796
6107
2812
9245
2449
3153
2584
5139
4116
9037
1156
1393
2445
4008
7524
 755
 118
 461
6023
6827
8501
7652
 752
4226
5652
6535
4428
3491
3362
8623
5140
8939
 484
3312
4321
 672
5082
 602
7615
 848
7231
6572
2451
 587
8694
7383
 417
4171
 498
7659
1716
 189
3110
 106
9954
7849
1504
1874
3183
8396
8917
1877
7528
2574
9423
8922
1007
1813
 383
9213
 250
 984
3846
1097
2054
6075
3085
6729
9946
6896
5416
9743
 124
2098
4703
8551
1727
1753
 409
9217
2366
 152
2827
3185
9649
2687
4549
1841
1792
4101
2997
9792
2585
5202
1244
3251
8732
 256
9501
3040
3782
1016
8795
1927
3243
9637
3006
5324
2778
4879
2729
 344
5200
1848
5773
7947
3531
6902
9263
1250
5389
4244
1571
5743
2620
9087
2971
3066
6444
3023
9160
3326
4537
1733
3472
4844
5061
4172
4787
4964
6996
 299
4519
8071
 835
6369
8858
2001
7991
1266
4287
8094
2119
6100
6348
2749
8197
5846
2274
 109
9336
5585
9261
8466
2911
2099
 986
 297
1904
4576
3948
3330
8757
8095
7382
8434
2991
2995
6106
1912
 121
2133
2325
5320
8589
5249
8170
3711
7590
1962
3466
6704
1211
3328
7055
2446
4721
2748
7234
6505
5782
1208
6169
5067
3105
3427
5944
   3
7505
6088
9393
3557
1678
8110
6156
6464
2989
4560
6400
9130
8531
8525
4125
4912
3719
8120
2236
7330
8065
6187
 940
6506
3750
  39
1015
2700
3760
4104
2735
6638
7688
7611
8761
7937
5737
4186
2192
6453
4539
7685
9812
2271
5658
2355
9086
2405
3335
9878
7147
 833
3012
 530
3546
5781
3584
6337
1880
9833
1720
5464
3309
3943
3611
 220
3452
4095
2434
6067
2765
4478
8130
2353
8395
8936
 150
9908
3413
8971
6617
6761
5793
7601
5605
2270
5708
2803
5588
3055
7687
6255
7285
8208
2834
1908
3298
5854
3582
8107
1899
6351
2160
9250
4219
4843
1550
3514
8300
3109
4211
  65
6689
1569
6861
1686
5257
7589
8904
9846
9360
4247
2854
5898
4740
 319
8658
5960
4251
8285
9349
8742
7852
1082
9376
3907
3796
1068
1475
1191
7698
5304
5060
6628
8773
 975
 871
 731
9449
4396
6228
3836
4208
9043
6213
8012
9467
6562
3931
 430
8417
2893
 725
1254
9120
 843
 866
9975
8652
2073
5545
9122
 130
 664
4984
3266
1543
4133
5223
6020
6958
3835
4789
3642
4620
1967
5294
9036
6750
1091
3482
9628
1024
5787
4333
3671
3288
7732
4330
9004
5969
  67
2552
8340
2742
 194
3182
6987
8022
4313
2836
1868
   1
 640
8737
9184
 877
4351
8299
 184
9287
9673
6163
3062
6508
1201
8086
2823
2056
1384
2779
7778
9764
1658
7124
1145
1835
5406
 397
9157
7320
3958
8357
2790
5599
6801
 927
5212
4249
7161
6696
2965
1079
6886
7422
1664
7469
8272
9180
3179
8635
9132
4761
9680
3933
6822
8794
8311
4589
6326
7982
5371
8561
 737
2539
7807
9057
9518
9850
2862
8511
9852
5887
2860
7954
4471
3993
3773
5531
8840
7247
1303
8884
9328
3923
3871
7037
8349
1608
8566
7508
 666
8898
8089
 423
 966
2573
1602
5166
8957
3060
8428
9546
5731
3144
5938
8398
8914
1876
1450
7071
7102
 991
1410
3682
8523
9527
 955
3951
3246
  69
2016
5895
8133
2820
9002
3863
6495
 800
 926
8554
9268
9240
4979
9097
5534
6221
7323
6114
8193
1057
5764
4175
1355
4746
9717
5694
2760
5663
1651
5653
4918
8645
5842
9712
3561
 399
3036
7299
4796
2076
8736
2767
6277
1842
8502
1503
2417
 773
9465
7245
6769
3332
 734
1748
 136
 391
4144
9729
4002
5150
4768
9513
 593
9843
 511
3022
9321
2515
9901
8955
5194
9206
3637
2787
6647
5478
4154
2305
8345
6736
 221
4128
8611
 758
8677
1043
9053
2275
8281
3118
6793
6629
5026
2688
1038
3302
2736
5049
4040
9962
7521
1811
 268
5178
 398
1501
7730
4082
9221
4853
 636
4463
2722
6919
8664
4728
3257
 708
1417
 324
  40
4809
1405
 907
9653
1490
4901
8601
1182
  68
7160
9995
9573
9096
8234
3700
9646
9615
2116
3908
2335
8822
7211
1317
 925
2086
6912
4517
  84
1782
5224
 827
7500
9630
5214
8667
 168
6046
4756
4323
2320
5419
4909
9447
6747
8928
7893
2024
4502
6391
7719
7840
4907
6200
5744
7455
5910
2149
5648
 846
8370
2208
9070
8868
6807
 565
6517
7816
5275
9538
2669
4134
 284
8092
4715
1278
1138
4998
9025
5943
6190
2398
 849
6204
9621
4071
 792
 608
4538
6832
7959
2418
7152
7286
6181
3200
3149
5446
8135
7850
9604
4276
9980
7415
8062
1203
6889
 496
3089
6431
5091
1901
3731
1352
1762
 553
4795
6490
2733
 989
5102
1153
1821
 935
 748
8440
6123
9480
2966
7465
1324
5468
3643
7157
6831
 644
4749
4784
 698
2848
1282
4254
1633
5977
4077
5279
1074
7702
3015
2892
6521
5030
6437
9297
6849
3914
5841
3595
6210
2342
8519
3894
1974
9342
3588
9352
4361
7842
4412
1570
 879
7721
8508
9506
8696
3235
8665
4566
5470
8105
4714
9488
2279
7530
4599
5384
8494
 526
4696
2250
6515
8176
1261
8960
8104
6063
5012
  12
4216
8678
2295
6995
7628
5027
7643
7222
5888
9762
9333
1295
6981
7282
3883
9072
2108
 576
5356
8536
3163
2734
4112
3803
1378
1381
6518
6690
 307
4598
8479
9780
4678
5408
2162
7824
9512
5656
8707
4481
3374
8202
5031
5537
  57
6613
9332
4575
7613
5207
2104
8266
1797
7762
6502
8706
4664
6124
6442
7548
4340
9857
9950
  27
3342
9291
9260
7919
 476
4062
3788
5065
2029
 764
 149
 740
9183
9583
1072
5240
 379
4955
 960
7303
3695
3763
5246
5466
7749
9973
7666
6673
4448
3333
1392
 711
4493
6706
8241
6795
6524
2588
4275
3094
5817
7782
3406
9496
4605
5550
2605
3752
9924
2258
6488
1287
7092
4951
  72
3963
2941
2503
9343
3264
3723
1657
9813
8445
  75
2486
6382
5756
6571
7571
4326
1121
4651
3252
1135
8734
1853
8491
2723
9237
2500
9616
5456
6368
8621
 724
9839
2249
3483
 842
2036
2864
9751
2562
9212
9831
1732
5298
5593
5237
3857
7496
8057
2952
6358
8731
7453
4001
2425
8856
2197
6254
2479
9277
8767
9876
7794
4462
1932
7554
4131
9856
7578
3106
1336
6851
5765
5628
9514
2007
1957
8124
6007
6949
7487
5992
4976
6848
3389
7335
2047
6183
8555
6992
7686
6911
8810
4565
3732
4755
1060
6745
2300
5435
6531
4679
 815
1335
4966
4940
9524
1958
1752
7464
9531
8351
 140
6810
4528
3947
 837
9528
2025
8041
8765
3975
4394
6425
9265
5988
8209
3661
6350
5868
2768
9926
2114
6973
9761
 885
8296
5780
4558
8411
4201
4959
8906
9054
7004
5494
8103
9091
5168
7599
2193
3097
3785
7839
4486
3819
5290
3469
5584
5556
4200
5696
7336
8504
7169
6826
 491
 750
2925
7498
 161
 521
8117
3712
7534
2977
6164
8913
 684
8332
6223
5228
8783
9620
7733
2462
6909
9720
7600
5951
1583
6034
3423
3794
9823
7905
6539
8907
9992
3749
8789
1351
1677
 683
9175
8444
8294
 977
6557
9414
1535
3124
9010
4305
4375
8161
4054
2205
4826
9453
6465
4825
6214
6265
3553
4088
 378
2664
3209
5365
4939
1053
9771
5175
6172
7217
9128
1285
9472
1828
2497
2546
8622
8579
7051
7208
2348
6565
1184
6008
2019
7369
2670
2815
8327
5480
1644
4702
4503
2475
 796
9124
9683
9942
1411
5149
5698
2247
1088
1305
3019
4291
4724
7766
2465
9209
8350
4929
5844
7043
7889
5871
9034
9642
4577
7961
2196
8147
4011
9517
7990
1604
5565
6775
5255
1968
9439
5097
5991
1606
7481
 441
1422
9866
3021
2432
3572
3263
4121
9756
6028
3644
 689
1526
1268
1725
2600
 546
6778
1080
2040
5490
2134
3698
4991
 208
 352
7072
1661
8109
5783
3603
7803
6393
6900
9667
3942
8850
3652
 465
8355
6282
8629
 625
7647
2761
3123
9402
5394
 867
4350
5094
9754
 450
5631
2178
2489
4672
4764
8881
9659
8040
4603
9035
 828
1454
8408
5211
4687
3743
6263
7342
5964
 943
7502
2408
8753
 276
6888
 693
5604
3679
2939
4390
9068
1997
8018
7100
8189
5077
7966
 713
7684
5425
4660
8572
5276
5824
2986
7989
3934
8432
1529
 425
3481
7608
3090
5921
5272
5859
9617
8374
6364
8214
 244
2501
3245
8902
4897
3721
2337
1078
9464
7463
4416
2542
  90
4822
6692
  62
9371
5109
 649
9274
6906
2170
1590
1775
3489
3080
4458
9791
1750
8446
5828
7134
9090
8830
4099
6614
8126
4743
6334
9500
8331
9892
9584
1701
5278
8484
4569
3542
7116
4504
2805
2499
5180
3475
1993
8565
5489
 494
5558
6237
5063
2175
5469
3691
4056
6847
9081
9382
8125
1837
8815
1160
6456
7165
  88
2430
9871
4982
3025
9601
6388
8101
9188
2215
9059
4917
 509
2920
2282
 424
5362
9451
2067
5227
3393
7656
8371
9224
 692
 822
1466
5919
7999
2350
4437
3078
8625
6968
2903
3402
4408
5364
4370
9082
6862
4066
2371
5256
2453
1098
8812
4421
9657
1823
7581
4559
 968
9422
8756
8976
6853
6333
2135
5450
5634
8435
4716
 435
7118
2362
7829
2267
7230
7196
4301
1391
1556
  35
9248
4058
 316
9436
5306
6907
7352
 583
4076
8944
2896
2706
9142
5984
4357
2756
3013
7006
 437
3855
3456
3949
4865
2292
4734
8157
8034
9718
7240
1653
5813
1553
8372
5804
8651
9083
7773
7273
5572
8775
5541
1641
2753
1177
6735
1230
8419
2447
5637
4797
3218
3383
1388
4317
4771
1994
5090
 254
8486
5959
 735
5981
9943
7985
  50
4379
5570
2708
3268
2606
1140
4535
2511
2422
9934
 339
 472
1197
9783
4861
2679
1769
7288
1449
 947
2403
6161
9196
8726
 574
8630
8361
5955
1205
3516
8123
5312
3270
4830
2498
8659
6098
4041
4114
2639
6045
1673
8257
7506
1614
1126
9361
1909
7054
9271
5974
9353
3918
7920
7149
5285
6908
1166
6975
9996
9078
6249
7772
6056
 601
8449
7065
2177
9627
7083
8292
4510
3274
7913
9051
9131
2009
9363
  46
 893
5880
5849
7592
7943
4718
 428
2824
6226
3601
   0
2645
9063
4884
5048
5916
1289
6390
 143
 889
5230
7241
5121
9880
5052
1668
7290
5292
6805
8514
2011
6582
8836
1723
8774
6155
3996
1119
3736
5835
2935
 176
6526
8547
8367
9060
9066
3216
 793
5730
 133
3493
2904
5413
4138
3920
2773
1516
 243
6276
4420
5852
1545
6234
9687
6051
3067
9704
8246
1242
8119
7898
  74
5338
1564
5747
7074
9193
2807
9753
 469
  61
1714
3778
6322
7577
 157
 108
3415
9633
6630
1887
1059
9870
6552
2576
5465
4268
 159
4845
6066
5054
5123
 673
8288
2510
6280
4381
 349
9452
4349
3726
7186
 392
1219
4662
2260
5635
7874
2181
6589
3587
6329
2798
6789
3978
3376
1036
2993
4174
8023
4943
3059
 961
9654
2933
9893
2213
6781
7381
6050
9232
8215
3523
5855
6458
8894
5726
1020
  25
7993
9599
3687
6665
4180
9721
1774
3838
6256
2106
9420
 680
 556
9662
8263
1802
9703
4893
3884
4807
5420
4392
5587
6915
6866
2730
 240
6550
2218
6195
2885
1473
1715
2522
2714
 974
4173
   7
8616
4757
 534
7145
4894
8456
 111
 479
8127
1081
4508
6152
7371
9234
3607
2140
2399
1206
 370
 850
1106
9107
4442
2209
2038
7995
5734
7334
8149
5928
6460
6988
2317
4711
6899
2746
9904
8129
3223
1017
1386
5453
8354
9829
8000
7348
9782
9971
1605
5154
9749
4911
5553
2590
2423
2558
7863
4438
 706
3046
4404
6955
3161
8128
6753
3327
2632
7010
 235
5432
8045
5933
2148
 173
 222
7305
2647
7408
5892
4205
7527
1798
1202
6933
9159
8824
1467
9226
7693
1656
8433
1929
8633
4166
1864
8771
9275
7400
9855
6830
5766
7367
  15
9548
9104
5796
6012
9741
1671
8738
9412
3621
3697
 197
6579
6268
6383
1294
2264
8248
7865
8890
 983
7239
8399
8390
7731
5768
3002
2544
7565
4221
4061
9887
7274
1549
8499
4261
4667
5260
  70
8674
1163
1321
5751
9350
5810
 579
8827
7673
8692
3861
6501
5400
 260
7038
 113
 301
9945
 298
7703
7391
 183
8751
1850
7413
2984
2674
3779
7061
2724
2306
6569
2137
8078
3418
9458
 855
7582
 187
3656
 156
2783
5029
4280
1514
4619
6142
2755
5831
2685
7409
6708
1931
 321
9802
7903
6055
1469
7003
6059
3386
7313
3680
7232
3832
1112
 322
 761
1371
6029
8758
2938
5517
2973
6773
9597
2182
6375
4388
3343
2308
8552
9329
6920
9989
 670
7237
 603
6052
8607
8989
4915
8279
9742
5799
1109
7126
6611
1524
6758
2466
7972
2269
4892
1783
5434
  53
1536
2187
2770
5889
8366
3160
2837
5834
4898
7098
1505
6825
2992
1331
5322
6766
8115
 411
1311
1334
1115
7446
9454
6554
4841
8981
9722
 489
 302
9699
9965
8031
6407
1458
1329
4790
 993
5347
2817
 519
2296
3987
7000
7965
9370
 595
 928
5111
6717
7094
6092
 329
1985
5323
3063
5912
6500
2077
1768
9549
9983
9552
6860
2505
3460
8289
 310
5001
4970
4736
2035
9345
6487
3054
9138
7726
7156
7580
1970
7337
1366
4990
6600
8164
5199
5287
7067
6570
7166
1816
5688
3116
3154
8649
1948
9415
1161
3379
7725
2565
6663
5776
4920
2545
6377
8283
8275
2876
9023
9569
6017
8923
3297
9210
5496
9925
7878
5148
1018
5722
9580
4353
5812
4255
6883
1316
7837
4213
 712
2683
 233
 335
6772
9537
4453
3847
1975
 717
 541
4197
5046
 811
5666
1256
1455
3806
 280
7845
9895
8154
5755
3198
4207
5646
5853
5713
9166
1742
4021
1618
2525
1021
9554
8760
2150
5115
5428
6756
3350
2628
9001
2856
9238
7858
6222
1640
 568
2409
5295
8920
6612
 789
1530
9985
1513
6235
9931
4932
2431
8533
 691
7796
5381
7585
5206
3936
5594
9545
7635
5762
5411
9830
7122
6685
1155
7175
8496
5821
8313
3314
2383
1959
 486
5034
2839
8688
9355
8632
5904
 675
3808
1869
3715
 364
2144
1863
3095
7035
7649
  60
8802
6942
3629
7170
  87
  64
6108
7220
 531
9419
 900
5173
8711
4227
 577
5436
7642
1512
9765
1481
2188
9732
7519
4523
2075
4630
1323
3968
7804
4733
4616
9509
1299
7110
1190
5896
9788
1999
6300
 464
6047
3962
6182
2231
7101
8046
8521
7722
7402
4848
6174
2496
5262
3554
2814
3102
8363
6985
5683
2771
5021
 216
5794
4725
5732
3810
4689
5138
9457
6154
2804
7705
7654
4531
1093
5574
3367
4152
4707
7366
8703
3761
7574
 957
3281
5399
5055
1433
6811
1532
 185
7616
4735
6013
6546
3639
5922
7393
5609
7765
9803
4217
4322
2018
5851
8776
8278
9840
3202
 839
2173
5017
3222
2095
5909
 333
2553
5118
7451
6683
5080
2082
2799
4608
2092
8520
2159
2410
1900
8254
3609
7249
2156
 845
4352
7112
9873
6434
6130
5185
7606
8700
2251
4303
9671
4169
3221
9073
5878
4522
8226
 746
3633
2784
7552
6982
5611
3570
4325
5786
1983
2894
5733
5775
8847
1986
5660
1534
3767
9916
 401
6241
1340
1457
6574
7392
3854
9012
5699
8379
3228
4075
1650
6880
2017
9641
 982
6424
8834
3168
8859
8198
 770
1575
2855
6843
7344
 178
8203
9529
4681
9299
 919
8780
9093
4708
8855
5693
3635
4833
1541
 544
3758
4147
 922
1600
8006
6153
4085
3237
2174
6380
8295
1978
2654
8660
9148
4440
1721
 816
5380
7297
7770
1634
3804
6897
8530
6450
9283
 181
9952
3748
2657
8627
9774
 660
6359
 535
6493
8785
2101
5644
8916
9747
 245
1789
6762
2454
2074
2956
3529
6459
 949
9398
8857
1875
7023
7788
9186
 756
1218
 290
6240
4636
5181
5506
 959
6913
7514
5328
4233
1009
1794
2441
8986
9366
7111
4763
5163
3805
4210
2751
2081
7064
2980
3858
2923
1049
5725
9134
5862
 338
1258
1286
3831
4199
6472
1013
 272
6749
4483
2189
5948
6482
2782
8425
4639
6040
5839
7763
7623
8150
7477
9302
4176
2022
1243
4547
4705
5578
9310
5231
3725
2021
2677
5976
 126
3972
8393
 182
9844
5724
6030
9702
2879
7325
 616
8328
6596
4612
9105
3458
3122
6298
4954
 164
 695
9799
6435
8880
2676
2268
3869
9936
4063
 980
9409
4191
5767
3703
7057
9603
5575
4947
2185
8069
9951
3392
2948
7475
7257
2027
9679
6022
8966
3324
8362
8152
3447
9000
8083
8835
9685
2656
7050
9119
7472
 912
4279
6413
2406
3142
1262
4817
3567
2999
8211
6944
8708
8219
1125
 729
1891
2301
5566
3396
8828
5727
6026
3273
2504
 598
6177
9728
5709
1593
4944
8102
3410
 586
7567
5872
8686
1558
6744
5346
8087
8534
7182
7945
1387
6406
7736
 805
1926
 859
4683
2481
6994
5714
4520
2813
3205
7767
9644
2528
1616
9357
9794
7761
1566
7997
8909
6716
8282
3769
2330
9677
9227
1761
4472
 657
2105
8583
8151
5626
7423
6563
4070
4024
  45
8334
1659
 776
4414
5874
6480
2166
2284
7327
7558
2003
 639
3307
1793
1840
3000
9313
4859
3052
2044
4329
1684
9600
5156
1627
5807
7019
6824
2557
1117
2843
7375
3544
 358
 261
3351
8620
1770
5137
9373
2970
6754
8953
8779
6498
3905
3550
1423
7983
3061
7543
3781
6426
 151
1229
3932
 188
7351
6998
1977
 288
5746
4650
8439
9561
6399
3581
8825
4281
5546
4957
6829
9821
6711
1146
7070
 945
8431
7359
6725
8118
3825
4720
9854
 537
 913
6536
9290
7171
9777
9116
7847
3357
7491
1689
2180
7774
1773
2437
1452
8380
1860
2953
2293
 572
1507
 995
8590
3850
5448
4568
8755
3175
2377
6151
4190
3739
1885
4004
2455
8869
4376
3439
8741
1624
1037
6941
2507
2675
3738
1175
1239
9076
 575
  32
7296
5454
6120
8681
3461
4285
1322
4195
7484
3140
4633
6033
  93
3631
8187
9733
1280
3998
4306
7748
7917
9239
7478
6483
1249
8610
7075
3497
2365
4524
2561
9236
 281
5447
2050
7129
 174
4256
1172
6903
1817
7870
5802
 967
5472
6787
4770
6959
4609
5920
7389
5596
1353
6545
 661
6275
5583
8829
2741
6651
9909
7956
5509
9665
8888
3325
7955
8168
3707
3130
1050
9307
3980
5677
4654
 201
2867
1810
1964
2947
4515
5661
4748
3431
3450
5066
2386
6918
2541
 934
4643
2713
1397
2322
2900
5363
3762
1528
5189
8537
4871
7260
7379
1965
4791
4214
 609
3807
9849
4072
5942
8609
5655
8478
8426
3004
8704
7851
2480
3974
5857
4223
3128
6548
9905
5970
8926
4230
7583
1171
7396
1596
3793
9750
7799
8265
4014
2929
6372
6834
5325
6660
6113
7994
5672
5492
9692
 873
1237
9020
9668
2822
5601
6978
3115
8060
8409
8452
5497
8269
9062
3174
 622
  77
7677
3742
2910
8695
3408
3580
3766
8540
3713
2852
8598
2821
2520
6757
5036
9019
4647
9322
6110
2857
6592
 407
9716
 336
5493
4339
3575
2261
 273
 462
7838
6389
8593
7141
5483
9825
3677
4693
4086
 777
1585
2895
2592
 394
5183
7587
7052
6347
4936
9246
2222
2619
6014
8556
6454
1127
6707
1613
2710
5715
2587
2141
9622
9920
7206
9737
8407
4434
2913
1070
 847
 337
6852
 962
9787
 760
2153
 710
8781
6738
7312
3210
6291
4141
3287
 466
1559
4511
5971
7974
3645
8910
4159
6659
6595
2601
 443
8163
7151
 894
7279
2093
9399
8605
7848
8797
4595
9670
9273
7910
 547
5340
2509
7562
3311
7482
1625
1350
 953
5375
1759
9862
9874
3137
1738
7356
4978
6873
 351
6604
6608
3474
7906
5894
 830
6457
4146
1814
3404
6082
4292
9441
8702
7591
8973
3900
1731
5415
6939
9636
 230
1246
6809
7319
8230
3436
2248
1471
6452
7897
9556
4655
2616
6365
8746
7625
1700
  98
6496
3759
5141
1826
8968
6967
7745
 400
3501
5798
1717
6898
9308
5047
7801
9693
8343
3564
9981
8483
7549
6305
6397
1492
4665
4803
6977
7150
3714
7005
2763
1399
6416
6084
9325
9826
9775
8293
6463
6957
9358
1856
  58
 265
3190
6791
2002
5403
6590
7191
1546
4883
 645
5270
2223
7115
 225
3464
4780
4938
2596
 570
4068
4103
6687
6530
2531
1537
9207
 283
8038
3191
2404
8571
2624
6516
9970
5107
5703
 627
3380
2717
5850
5939
8709
5829
1265
 520
5513
 588
1042
5143
1124
7633
6576
9013
6105
9964
8468
6077
6418
2492
7712
6940
 886
6209
5918
6931
5772
3701
5119
7328
7655
4009
1910
4162
3479
8792
6631
5179
6176
4997
4452
8940
  91
9204
8908
1143
2793
4184
4015
8072
3225
5125
4641
4992
1521
6290
2281
 892
 739
5009
4460
4228
6935
2921
7882
6737
8870
2157
 881
1488
3050
8035
2413
3649
1185
6303
3813
2638
8191
7248
 647
9727
3562
9632
2046
9161
8863
1339
7737
8728
5978
3405
1012
3941
3965
5244
3375
 105
6101
2731
6328
7081
8713
5678
5335
9490
7167
2000
 403
 239
1217
2649
9433
  26
 665
1698
3880
3592
5885
8240
 697
3904
2728
7650
9158
5099
1383
2626
8473
5682
3865
9049
3950
1796
5721
 772
6993
7439
5667
4527
4669
1395
8014
7016
2138
7215
3409
3924
5162
3339
3797
2516
6178
 988
5962
3399
 522
8517
4446
7062
9339
7047
2068
3354
3957
7512
7311
8972
6185
4969
5805
7627
 812
9772
1917
3127
9640
1509
5297
3189
8011
5305
3664
6396
2769
4264
6271
7146
 791
 668
 101
5882
9092
2224
9960
3623
2627
3692
9769
3938
4758
2063
5238
6412
2412
5217
1581
7651
1609
6354
1662
7388
1820
6580
5598
  19
8314
1272
2005
4363
9867
2373
7397
3434
2246
8854
6078
6991
1445
9588
3070
2614
4118
1374
 794
2402
1158
2253
3720
1674
9837
4185
 628
4212
 177
4344
6115
6340
6653
7079
6314
8745
4919
1062
1635
 787
2252
2828
2720
3982
 270
3870
 463
2583
8421
2998
8106
 626
 103
3414
8378
1603
4781
4382
3412
4999
7678
 716
8798
1067
6004
 876
7535
6997
 330
1702
4584
3709
9147
8397
1944
3890
8112
3494
8369
4383
7561
7048
5064
 655
3507
5858
1220
5507
6578
7935
3757
 404
   5
8066
5901
5086
8985
  78
2543
 172
8061
1952
6486
5967
2959
3533
 650
 504
9635
8142
6999
1264
3670
9540
5771
7875
5934
9796
7358
9806
2128
9400
6814
3737
3859
7221
6461
6885
6774
5521
7634
6930
 829
6058
5357
1591
9651
6374
5589
6867
8819
8001
4838
4625
 459
1269
 179
6006
8009
5936
1692
3995
4691
4391
4012
8077
2229
8950
1806
3829
5926
5883
1178
7263
9327
 952
5949
3545
8724
3608
4158
1151
8597
5935
7432
9504
2416
3717
5533
3032
6587
7622
8592
  23
8044
2256
2880
3101
3463
9440
7844
4975
7537
7795
7262
7868
2367
5866
 300
8442
9257
4241
7448
1240
6618
3518
7977
5718
5932
4089
9997
1373
4304
9154
4067
  36
8222
7227
1638
 564
8691
1195
6251
8831
4167
4856
8080
8323
6097
4514
5612
5560
3888
 137
 759
4415
2781
2299
 969
9836
5903
7862
3540
5498
9558
 685
 771
7458
9700
7200
4140
4401
3193
2623
4823
5062
8430
4491
8247
4064
4150
8545
 334
2617
7271
1522
9477
9463
2097
6430
3636
7030
 551
4594
6828
3960
2034
9698
3271
3261
7084
5477
1092
8956
 613
8253
6966
4284
7846
5010
7665
5532
1302
 532
3345
 413
7159
5042
7181
7559
8470
8997
3821
4314
3087
6420
4039
6443
9510
9626
8415
1718
8280
5779
5105
7492
 884
4849
4666
4262
5789
3024
7711
2344
4192
2259
6245
6748
7373
 620
9624
  52
5504
4347
7857
6619
7523
3041
3495
5050
3640
8097
5664
9723
8864
2168
4505
4182
6165
6317
3906
6489
4096
1517
1857
9109
8543
2707
7265
4965
7466
1420
8578
6129
1763
 186
7298
9216
3363
2572
7657
2637
9988
 785
6979
6422
1825
5792
2442
4035
1300
6071
2487
8573
1382
 289
 320
2070
3939
 434
1506
8980
3381
 741
5043
3346
9759
7503
4272
1781
 831
9888
1573
7540
1734
6541
 604
6835
5902
6233
7727
5341
2420
4136
6438
9770
7672
2660
3126
7113
2071
6784
5190
6718
5758
5946
6192
9473
3217
6555
3241
3605
8784
 623
8872
4656
4801
2461
1435
2130
3536
9318
2868
2207
2968
5830
1780
9841
9359
4203
2091
6937
4052
8942
4239
 916
8826
6145
9252
3303
 941
5542
2671
5649
3340
7823
9757
 527
2012
8507
5317
8140
7621
  85
6767
7986
6695
4983
3082
 841
 699
8723
2951
4402
5398
8225
7459
7564
3744
5351
1539
3740
1212
9305
5337
9818
3665
2693
 765
8284
5308
1255
4263
4038
4645
7814
3615
4037
 116
1344
9907
6411
7108
6296
1144
4283
5186
7604
5527
9921
3026
6003
6199
9696
8067
4393
4331
2908
5289
3791
4644
5083
2072
8806
3446
2716
3676
 840
9280
3157
8153
2591
6039
3845
4100
8782
8729
5373
6312
1791
3212
1456
1500
8344
1706
8712
7739
6018
 405
4338
8538
 808
 247
5372
7754
3150
9832
1621
 158
6616
5407
5071
6140
3073
1232
9110
5610
1198
1128
9294
7949
1222
4521
 385
4274
7526
4108
2319
1976
7034
4312
7450
2341
8051
9579
9567
8790
4870
 499
4033
8650
1830
5342
2955
6760
7569
6662
1090
3873
5571
3492
6478
9495
7045
6266
9123
5352
7456
2974
 460
8141
2830
2715
6144
8391
1130
3301
1356
6208
2907
8210
 908
9137
1359
1431
5600
3706
7826
5359
  29
8243
3945
4081
3552
2113
5005
9069
4308
7797
8615
 597
9014
8865
5032
4043
3086
1479
4258
1628
3119
2934
9427
9565
8403
8270
1310
9015
4810
3034
2878
4161
1236
2254
7747
4674
9689
5816
4168
 369
1288
2888
4585
7785
3071
5462
9585
5300
2334
1555
 632
1122
 864
 389
6227
7609
3909
2080
1186
4389
2333
5235
1330
9181
4373
3030
4358
8463
3844
4886
9543
9999
8722
9618
 931
8276
5209
 492
2548
9483
9623
4561
8637
9281
3365
6558
3285
5695
7595
5800
9080
6684
8646
2898
8028
4051
6167
1654
5058
3084
5219
9963
7542
7080
8631
3537
4562
9484
8743
6258
1799
2818
9868
7187
7793
8873
8693
6857
2919
2887
9815
5950
4891
6564
8136
5899
6225
2426
1459
6743
4785
6294
5803
4178
5621
3559
5395
6053
3499
9425
 359
3262
5198
5404
7790
7614
2598
 478
1225
5410
9316
8493
8100
8002
3045
9557
 287
4868
4055
8497
4225
2963
2094
4829
3232
7890
9822
6279
8212
6379
5225
7180
6242
5847
1922
 431
1328
1113
5999
5041
 347
3747
1327
8580
2129
8383
 258
7025
6970
4204
8990
4348
3018
1035
2407
8853
1347
3219
2060
 802
 676
8042
2772
7900
6134
7735
1945
2582
6637
4048
9648
6293
9582
5879
2026
3577
4792
9102
9017
6964
4160
 249
 780
3940
7300
5131
4638
 844
1533
1496
4617
4545
8576
4634
9416
7015
1478
1325
2825
9491
7586
3238
5412
1006
 206
4855
6128
5502
8039
6649
5745
7653
3885
5377
8160
2154
6538
  10
9326
7192
8423
3199
 309
4345
5607
1896
8475
2052
8256
 700
6335
9781
5101
8800
5252
9977
4753
2597
4946
3164
5196
6584
3937
9807
8207
3893
5691
9906
1139
9533
6621
7216
3912
8485
7670
1563
1903
3952
8697
9404
3181
7125
1873
4941
9136
8747
2415
9752
9435
9215
7107
5763
4961
4318
5832
1404
4800
8503
 599
4977
7179
 963
5838
 702
4550
1751
7758
3077
3689
8025
4546
3967
2015
1414
5930
5833
5723
6038
9270
9356
4126
3667
3249
6148
5945
9251
7044
6000
9112
3233
3511
6264
8699
9187
3620
 477
6567
9022
 361
7183
9330
1099
7284
5989
5914
8951
1572
7876
5518
5486
3387
5815
 382
3368
3822
3091
9610
5136
4084
5277
5318
9167
2198
7815
9151
1818
8851
2088
9647
7563
7040
 212
4889
2312
4429
2719
4661
3319
 619
8487
2064
1925
1345
1308
5313
4834
1365
4427
 493
6742
9407
4113
1372
3812
4554
1515
4846
4765
2316
1889
6367
8663
3729
5669
7752
5864
4343
 242
3662
6837
3416
2375
5735
2495
4465
2861
7354
  47
7272
7289
8924
7907
8004
7891
4913
7109
 442
2237
4745
1315
9150
6141
3107
1531
2136
4574
8236
9882
2464
8179
 453
2055
 513
 701
6247
1430
1385
9431
3253
  37
8887
2611
8304
3882
 823
7617
8558
8317
9028
7812
5681
5382
5378
9516
3976
7210
7314
2478
 769
2901
4269
9801
2655
6679
6062
8298
4400
7251
4712
1652
1749
8763
3841
7579
6285
6116
 282
4346
3496
7001
8638
2667
6211
3991
3802
3705
8033
 452
5620
4812
7681
6921
8841
8339
6529
6624
1599
  54
6072
4450
 362
5451
7828
7602
3156
9789
6419
3815
 631
8586
6963
7511
8480
7164
3031
 557
3027
8489
1843
9576
3569
 376
6879
5081
6436
5702
6016
3768
1991
6594
4626
 911
 590
4968
4777
6345
5576
8037
5625
7809
 779
2470
7746
3425
2084
3361
5479
7473
9026
4536
1482
6324
7329
6856
 107
4236
2718
4030
9389
3849
9974
6752
9272
5132
6641
5543
2310
8931
4311
3814
5659
3296
9786
6929
1276
8929
1950
4124
9598
6923
3442
 191
5865
 495
8759
5392
5417
2339
1357
4767
7140
1551
6316
2467
2686
 252
8184
4117
3035
1349
7533
2699
2089
8291
2752
7264
7322
6741
7417
6607
3959
6657
6330
1075
1619
4854
7026
8416
9143
2066
1589
8056
8381
4215
7683
6892
3098
6133
2618
7014
4973
2527
6342
4635
6401
 719
4624
 142
4876
1886
3708
4229
 357
9726
1470
1444
5548
6560
8842
4723
1667
2058
3599
9593
9571
6627
8749
3341
9492
3267
6549
2212
9487
 851
 972
6138
 279
  31
2321
5577
6292
6540
3526
8669
4699
8201
9293
8948
7032
9808
7318
6532
2996
1966
1348
9460
 497
9462
7224
7738
9991
8027
 446
 909
8689
5689
7401
2283
2276
3626
9429
5195
8242
2725
9930
 874
3754
6534
4477
8309
3745
6792
 120
4690
1905
3108
9881
4837
3230
1643
2315
5330
5127
 285
9340
7825
 999
3983
2414
1854
9875
3407
8199
3630
8307
5281
8604
2146
1108
5390
3889
9519
9319
4425
 269
8832
8938
9311
5155
9523
 346
3930
 863
1483
2775
1560
4246
6042
4320
2112
9052
1434
7632
   6
  22
9710
4078
4956
6216
6699
1872
7059
1565
8735
9478
  71
2549
8347
1188
8871
1988
7864
7551
3547
6953
5544
 487
2235
8082
9244
6096
  11
1022
  20
8481
4080
4824
8885
2937
4500
4701
8108
6790
7694
6934
3072
1418
4548
3902
7934
7174
3771
9292
5409
4091
9007
2488
5316
7304
1104
1688
4366
9734
2633
4315
 426
  28
2826
4811
5788
1147
9149
2033
1711
8656
1849
8337
2452
3837
1690
2928
 193
2053
6405
9634
7640
8820
4137
4355
8303
8438
2673
9967
4839
8436
1084
1937
3505
3887
9715
3076
5729
3515
7968
 745
9170
6733
7407
3384
9223
7467
2849
6031
3638
7860
8185
8921
2277
6080
2191
4628
3795
7560
4675
8172
6770
7676
1696
9205
3509
9684
7012
4480
9694
1778
9067
5913
2957
2396
 153
7255
9056
9879
 100
2220
7630
2958
2287
 970
5176
6936
4198
5674
 872
 992
5552
2122
 782
2559
4847
5675
9784
7786
4451
5110
 112
2103
8817
6357
1101
 951
  24
5499
4417
9949
8603
2550
 200
9966
2794
1764
3746
1233
9690
9258
3753
 880
4367
4850
1379
5710
4380
4551
2694
2890
8977
8563
7515
9551
9602
6304
5741
3558
3774
1159
2200
6402
6410
 733
5717
5376
7002
3612
7117
9705
3215
1293
7792
5893
6914
5972
6780
9197
2847
7576
6698
5458
 571
6509
9886
2171
4290
9106
4187
2536
1004
8647
7872
8019
2476
4640
6479
3454
4485
5002
4698
9511
3258
4604
1694
8905
1199
6212
5535
 542
9707
4572
7597
4143
 605
  79
6764
5825
3397
9379
7689
7457
1214
7545
3925
5769
2644
1879
5687
3069
9074
9776
7421
6705
2010
 915
7261
2945
5876
9146
6675
5280
2051
5174
6916
8053
9663
9816
4593
4335
6336
 869
 204
6642
1428
8935
3730
8959
6239
1709
6295
8388
 554
4441
6615
3683
7896
6884
 810
8455
8941
2109
7488
2163
7462
3970
2078
2285
 508
3520
8793
6561
5095
2361
4827
5019
8839
6768
9961
3370
8739
 865
6381
6858
1598
9421
1597
9898
8624
5684
6278
6537
1878
9863
8532
6519
4730
5321
7969
4049
7833
2916
2593
5344
6895
1044
8612
7922
9383
5264
 456
8055
 326
8464
8261
9374
 749
3121
1829
3657
9536
1408
 406
2727
5016
8748
4444
1167
 763
5426
3337
2379
7398
5424
5354
2534
8450
3668
4676
 612
7436
 372
9986
4430
2238
3735
8459
4302
3563
1892
5706
3733
7372
5530
4722
9682
6881
7818
 621
5301
3248
6070
7308
9619
9368
5299
2930
6281
3688
7406
9656
5700
6162
1884
6355
7808
2014
1981
3901
3971
9249
2263
8137
6812
4802
4738
9337
2298
9288
 127
8213
6512
3578
7541
1118
5232
2435
2117
 402
7256
6788
2450
4670
8183
5692
 696
9338
5690
9979
9253
1041
5827
1169
4706
2625
2743
9317
8861
4019
8482
3551
5867
8996
4759
 380
2835
6470
6815
6566
9442
 317
1582
9348
5884
9408
4362
7427
5582
 202
2695
3816
7008
9675
2838
8777
9369
8949
1642
2385
 820
6065
7699
9944
 614
7441
5028
2712
9725
5307
5467
4653
2448
6799
4157
5310
8333
 742
3826
   4
7936
9819
1461
  95
4432
 384
 231
8805
3310
 306
5630
5358
5603
8049
7584
6974
8404
3141
4564
4862
 275
7172
 395
2390
6232
2653
3291
2975
6751
5592
5401
2795
1989
2982
9566
5361
3417
 920
8220
1567
3765
4266
9018
5654
4873
5271
 754
2535
8575
1704
7060
9417
8546
3451
3585
5144
7575
6468
 721
4914
6231
3293
5791
 615
 501
2419
4950
9691
1562
8392
7068
7706
5087
8162
 160
4151
 923
 956
9697
 366
6147
4093
 510
3916
4729
6670
5753
4677
 516
2569
7028
4447
2107
3254
7513
7877
7414
9766
9976
7390
8098
8228
8963
4967
 427
6499
3029
7009
1746
4271
9279
2703
8186
4220
1499
6661
1940
9708
4615
5929
2853
2145
8509
4709
1439
2518
5720
4863
8505
 475
4397
5547
 237
 367
1865
6087
4202
6274
4541
1129
1061
6492
6284
6250
1703
4923
 875
6269
4710
5205
1586
5761
9397
2363
2436
2936
6127
7106
5986
5608
4476
4600
 241
4885
7658
1982
8762
4908
7238
8406
9335
4623
4996
8657
3194
4034
3660
3201
8462
3997
2538
8091
2049
1497
3420
 436
5368
5539
8005
9652
6289
6842
1663
6428
5837
2634
2988
4642
7468
2642
 878
9914
4130
 642
1134
6244
4436
8626
 232
3641
3155
1587
2359
7953
1464
5997
6840
7341
4098
5536
2891
9508
2533
1511
1076
  96
 825
9284
4741
2127
6339
 110
8461
2621
2684
8204
4732
4614
5204
 592
3443
2595
8877
3166
 563
8673
5025
6188
4637
3272
7042
6363
4949
1026
6950
9016
3075
9910
9095
3798
4935
2678
1574
1548
7039
7130
 868
2842
1730
3444
1215
2635
9413
9848
7058
 902
2912
 648
2057
8846
3678
3385
3279
3590
3851
3926
5642
3188
4231
1319
1086
4242
5473
6433
2391
5957
4016
5629
5170
2381
9611
7018
9079
2290
5120
6415
3010
4188
4245
1416
1427
7444
2394
 803
2711
8063
1741
5284
8628
8353
8750
8175
9650
4816
8477
5924
4657
5006
1719
7395
2697
2460
6311
8420
8273
1368
5697
5915
2567
 515
7376
8899
9755
7418
6025
2759
9030
 703
4754
 528
1039
1557
3801
5461
 723
6922
6076
1116
2551
4489
6533
2792
6804
4590
4177
4993
1647
7644
9437
5636
8145
7198
4431
8085
6423
8671
6551
2397
9520
 363
 834
6447
9011
6722
3862
2776
 360
9502
1554
2692
5982
7199
 888
5484
8008
3818
9269
1183
 115
3722
9346
 386
6494
7817
9614
6376
5161
1257
2118
6143
7911
3548
5233
7269
1972
8512
 804
8267
6186
6484
5103
9631
2661
4006
 350
5840
9672
4567
6111
7204
9858
 720
2083
6302
8148
9048
 677
2882
5826
1710
6259
5430
3411
1523
9065
1726
 507
9748
9315
5213
7612
6099
4596
3347
  82
6648
1645
3517
8003
5998
7095
4925
9706
3543
6019
6331
 311
6086
4587
3280
1615
1131
5265
1882
4778
6740
8799
8915
1890
8111
 219
9198
9957
9162
1027
4858
6343
1930
7925
8937
6686
9883
 490
2662
6680
8500
8668
1476
4092
6346
5096
3525
5856
8895
7810
8301
6173
6262
9493
3627
3646
8192
9171
5719
8772
2331
1011
3295
2631
7962
 228
2376
7573
4799
2176
7049
9978
4821
1680
6583
5309
6417
8336
9115
6449
8513
1192
8618
6954
5059
4582
4411
6871
1871
4073
2777
9559
1795
1253
9347
8524
5757
6394
1223
2786
3783
5078
2030
1907
2696
5268
5937
2232
7570
4457
8849
4717
8131
8594
4029
3096
 981
 439
1984
3289
7494
6297
1938
4127
 751
5811
7769
4988
6623
7435
4365
1389
3017
8465
4627
2469
1123
1786
 454
3911
4927
2234
1363
2979
1765
9133
5511
5370
9664
5843
 264
1949
8447
9040
4467
1274
8030
9434
 821
6965
5965
 303
4017
 629
3490
8144
9522
6349
1023
7203
4607
5562
9285
 566
9476
7879
5538
3239
3628
6160
9225
3197
2917
4259
4775
9009
 390
1210
 753
2286
7516
8710
9563
8754
9141
8721
4461
2429
  51
 596
9323
6956
9795
4298
7276
4260
1812
8443
7717
6260
8099
5508
1955
4328
3435
 736
8927
8190
 517
5911
9811
6676
5925
4069
8227
2152
9264
5038
9099
4374
7709
4307
9179
3853
7996
1695
2944
4832
3666
5216
1960
 806
1304
7734
1722
8258
3786
1682
1629
3953
2698
9114
 410
1071
 862
6989
1987
6887
6118
9314
9233
2791
6215
6734
8394
8684
9242
 474
4881
7086
3378
9202
4989
8975
1561
7946
9596
9885
2216
1670
8848
2023
6948
9085
4156
 505
5353
7331
9913
7692
1607
7293
2120
3360
2630
1370
9730
9861
5516
9320
1354
3186
6556
7904
8158
5117
1149
1852
6697
8364
2013
3391
9334
7835
4087
6845
9385
4962
4386
 503
5487
4359
6605
9254
2508
1622
6261
1194
1421
3586
6720
7361
6094
 438
8376
9055
6644
3020
8469
4869
7791
4047
8474
5236
1736
5597
9033
6833
8143
5580
2457
4297
5606
4319
1934
6166
6507
5171
1148
8919
1137
7950
3530
 524
5877
6700
5549
1162
5668
6575
1085
6904
1291
1737
8639
6083
9203
3625
6021
3555
 722
3848
8217
2364
9064
1033
2846
 818
7741
1893
3872
 965
9446
2045
7301
3038
2221
4588
5273
8816
2602
8528
9714
5333
 365
1216
7682
4958
8786
5953
3485
8070
5632
8998
3839
8666
2494
3524
9820
8801
6041
9608
7447
7593
5355
4744
5033
2517
2294
5619
2537
2468
7783
 296
6816
5391
7973
 819
8653
4606
5130
7326
3891
7442
5510
4299
9289
9406
6598
9595
1273
9778
7188
5193
8837
3840
1847
2096
1313
4234
4878
8595
6015
8020
3093
7394
1241
5778
  99
3573
2643
1045
 218
1519
5680
1679
 145
3079
7021
4506
8685
5022
2338
8221
9173
7751
6868
8476
5129
9919
7777
7139
8188
3377
4747
4342
4611
5274
4459
7645
2961
5250
2604
 948
4479
5640
9645
 762
7294
8255
3211
6938
8717
 942
6597
5167
7202
2167
3074
8352
3057
1248
9041
6044
2589
8139
5386
6943
5474
6746
1631
3131
4013
1377
6763
7205
3741
6726
4026
9038
 781
4163
 790
 483
6206
3583
3051
7663
2226
8155
8892
8982
6386
3527
2201
3699
4525
4424
8498
4296
2521
3043
6220
8838
7646
1424
4235
7082
1136
3259
1462
5051
8412
5023
4668
5963
7975
2816
 562
2869
8567
6320
3229
 449
3486
3560
 396
5013
7378
 910
5146
1623
1947
2428
6838
5258
4890
4813
1065
7244
3058
7437
5315
8995
6721
9156
6870
 262
2512
 718
9935
3437
6253
1584
8169
8886
2931
3508
2547
4563
6474
4094
4324
6131
2701
5748
1943
2433
7598
3366
2914
6503
5482
3453
1361
6332
3823
6321
4981
1341
2579
4836
8811
3283
6257
7932
5993
7753
4222
  17
4580
9969
2041
2737
4694
 514
7546
4902
4218
2329
7497
2349
2691
7912
 255
8962
2087
1002
7088
 938
6839
4534
6203
 217
4119
4405
9362
1489
1687
7988
6601
1969
 198
4888
  92
 432
5015
4995
3400
5339
2889
3103
1756
5886
7971
3177
9578
5860
3468
6272
8029
7787
3236
3138
8991
6060
3669
7309
4782
5261
2142
5069
3539
9568
2841
2459
7099
6585
8235
3007
3317
9539
   8
 903
9498
 707
1693
2257
7090
 388
 567
7144
7233
7899
2865
8522
5569
5908
 253
2314
1928
9542
2262
4648
2740
4573
9050
 165
3673
5427
7701
1800
8348
2560
6341
3811
7832
7425
1189
3824
 246
6712
1380
 236
6001
1508
8132
4737
4793
7529
8876
3484
6636
5345
8052
9401
5241
1301
3234
 624
2456
8911
7007
2219
1441
7504
 985
3167
9927
6709
6513
8167
2985
8335
 210
9853
9842
6194
2121
3196
 883
1755
9779
6846
5348
1055
 944
2110
7927
5809
7909
4579
2774
1963
5201
2243
4398
4036
5819
7250
3672
1920
2524
8946
9790
5331
8679
3864
 190
9100
7056
9185
8718
1429
7096
  56
 471
2972
4165
2043
2297
4356
2132
 786
9897
6404
2766
2210
5503
2392
2458
8429
6207
3473
3874
8901
4277
1699
2374
1056
1436
5234
8401
3039
4387
9461
9746
5808
3369
2918
8591
1941
8769
2513
6236
5349
5785
2491
3724
2866
6836
9940
8602
7362
9395
 131
7539
3290
5191
8526
6710
4473
4819
8733
9890
6671
5072
4102
2844
6009
6714
4278
6728
3502
9912
3224
5159
1297
5222
3064
2388
 559
4739
4377
 727
1807
1047
2871
9278
 678
7087
2802
5431
6730
6817
3320
2183
7419
9835
7345
6445
 662
9590
3114
 694
4257
2650
 162
1005
2555
6248
 154
1180
1895
1923
3892
6640
2307
1426
8252
9084
4316
4713
9344
9071
3151
8054
9295
1193
6439
1096
1306
4170
8654
4631
3398
2438
7895
6408
3227
9562
3277
9039
  21
5907
5711
4123
5282
9021
5423
2858
6622
8017
7162
6602
4439
4111
6872
4513
1103
 882
8400
5676
2610
 766
6874
6068
5573
 257
9426
7452
8613
5243
3104
9140
1376
9805
8232
4986
9521
9735
7495
8166
9331
7338
8329
3610
3438
 921
8945
7347
2599
1032
7387
8492
6797
9955
4443
2877
3134
4872
1672
2079
4295
6421
8402
6403
7631
1200
 726
4552
6091
 271
4057
8559
4700
2164
2873
6875
9445
5568
8471
 658
7596
2327
5869
9266
6905
2324
1804
6713
7723
6927
 826
1440
7926
6960
4189
5226
8640
8490
1995
6639
4419
1776
1870
7700
5650
6270
 635
7724
 606
1867
9282
8903
8553
3710
2666
7485
 545
6986
6877
1089
8458
8970
3728
3403
9058
4368
1468
8808
5987
7888
8698
1014
2927
2924
6732
5182
1432
8074
7153
2883
3152
9899
 643
6273
7626
7940
 203
4980
3964
8683
2131
3260
5147
 578
5670
4310
7820
7859
7780
6691
9443
5360
5975
1164
8608
 775
8441
 550
1801
3321
 890
2832
6323
 996
6301
7120
8992
9572
2811
7368
9208
 607
6865
2206
 209
8999
5512
5983
2785
1367
5387
9503
6398
5374
4293
2658
5164
8114
2960
8427
9182
4684
8259
9211
4924
7360
6005
8705
 738
3487
8290
3147
5615
6946
2502
3488
6818
4903
2758
9834
3459
9948
 581
3395
1939
6806
6307
5641
4065
7254
7610
7789
9029
7696
7710
3304
5567
 325
3955
4193
1141
5476
9247
 248
7555
4512
4842
3220
5873
 767
6672
9235
 798
2289
7302
1453
2906
7307
6658
9267
7704
8414
 536
6901
7346
 147
2622
9367
4053
3522
8079
7536
 331
 937
7377
9773
8860
1971
 444
9430
1787
3390
3008
1772
1290
8096
7089
3172
2732
4046
7620
5624
9218
8661
6984
9469
 512
3663
7880
6315
5215
5917
2690
 481
7674
1743
6863
4760
7246
7568
9061
3344
1209
8984
8173
 274
9378
1375
6308
1394
  73
6854
9153
4835
6715
 213
1946
3231
7197
2607
8510
3401
4327
8988
9088
 146
8268
7800
3917
3170
2962
 374
8010
2230
2874
1275
9341
2744
6191
3928
9797
7499
6850
3048
5616
7333
3659
 774
5421
3445
7306
7104
6803
9998
1277
4971
2629
 690
5221
4776
7310
6427
8874
3305
7177
8768
6777
1771
2881
8883
2680
5245
2202
4020
1525
8007
4857
9629
8016
6455
8813
5343
1933
 990
1685
6054
3956
1058
1739
4005
 199
1173
 560
8472
 901
2808
6175
1498
3591
9581
4591
 932
2358
 584
4727
3881
8385
  13
1996
3334
 539
5160
7942
3985
9121
3478
2255
9031
5187
2139
5814
8310
7443
7887
9643
7680
6771
7566
6476
7434
8803
7871
5210
9941
6158
8676
1019
7884
3686
8585
8655
9661
8796
7742
2360
4371
4384
8180
4804
2028
3242
9230
2739
7228
1472
1474
7292
2566
7332
3534
 342
9990
7440
5754
2228
 671
  34
 170
1649
2382
3203
9639
8818
3129
 166
2523
3617
4337
9739
7662
7470
2384
1935
6299
1951
8896
4887
 688
1271
9003
5088
6650
 356
5004
 414
1592
6414
7928
5135
9024
3684
1170
3315
1010
2964
4882
 930
2126
3286
4987
6634
3358
2387
 355
6876
2380
7697
9176
8249
 328
2987
1898
9845
2568
2681
6117
1133
8181
3250
6681
1766
4904
 433
8574
3226
8619
8562
4148
4704
5618
 924
5039
1620
1034
1502
6969
4774
4622
5452
2288
9507
1538
3173
8891
3388
8453
3653
2800
2922
4697
4773
5790
4629
5471
8788
3648
  66
7103
1338
3532
5460
9838
3954
1332
 714
9470
1419
5124
7410
 267
7214
5263
4045
1713
1486
9005
9911
6477
 552
7843
7148
6523
 422
 757
3449
4808
4369
2526
3005
 523
8606
9432
 138
1448
1213
9688
1805
5488
8064
5845
3135
9709
2704
3159
6451
7915
2424
1784
2652
7669
8382
3886
9865
4516
2151
8897
5457
3602
3503
7522
 561
3877
3879
9304
6542
9199
4742
6917
8862
7069
5551
1176
5716
2682
2272
7638
5439
7811
7184
9851
6217
9891
3990
   2
5968
9902
5952
 651
1154
6727
2061
4518
6466
7173
4509
7155
2169
2482
6813
9824
4874
9296
7916
 132
 368
8495
1485
8325
7641
1979
3830
5444
4129
6064
 663
8979
1861
9471
4610
8058
 502
8413
5248
9681
4270
2280
1235
 964
7661
4109
2069
1655
9163
5108
3192
 538
7281
9364
6061
9045
1610
8359
2100
 318
9145
3571
8535
9953
2990
1307
7714
5459
9678
6669
8587
8312
5622
2762
 979
8274
  81
4806
1630
4120
9194
3770
1008
3240
2909
5994
2870
9609
5035
2801
1437
5940
3313
 251
6366
9785
7834
5126
5704
2580
3265
4814
9530
4406
6893
6573
5014
6448
1924
4265
5197
4022
5555
5679
2303
 529
3214
  14
7316
2225
 994
9526
1839
9117
4050
4487
8134
1990
4570
8346
3432
8730
6069
9625
5020
7283
9101
 646
9860
3704
2950
6136
6841
9658
 482
 171
8932
6677
8714
9178
7236
 214
6325
7798
8516
7029
3441
8322
7958
9760
6112
3878
8305
 743
3519
 393
1833
4526
 371
1120
4433
  89
4243
1364
3594
5581
8675
6702
3148
3999
3171
6527
6821
5152
6820
1165
2586
1708
4828
3613
 618
3843
9859
4895
2663
9032
8368
9098
4931
9075
7518
7914
8740
5449
6179
4948
7557
6591
9903
3935
7218
9324
3910
5995
 141
1914
7489
7353
5414
7278
9884
2840
9255
3394
3146
9711
 445
3424
2062
2651
6632
6664
1413
6819
3275
 420
3833
8542
 638
6603
8093
4860
5897
6011
8075
1226
3593
5169
2994
8287
8384
7781
8764
5084
3476
7707
6610
 304
5500
1675
6652
9612
7163
7431
1894
1913
1834
7135
 286
6218
 950
6184
4164
3973
2757
6224
4751
4974
7759
9669
7984
7679
6043
3306
6306
9553
1648
6859
6246
4378
7416
6522
4107
1040
2976
2471
5429
9505
8239
9241
3049
3331
1346
3204
5662
 305
5870
8224
7572
  76
8964
4449
7357
8245
7550
5614
8900
7713
8021
9613
3694
2796
8636
6924
6219
2797
7992
9111
 897
5089
4794
8457
4031
6446
3800
7779
3206
5728
7190
1447
 809
1407
5350
2123
1578
4395
4456
 128
2554
3083
 558
9555
8541
2745
6528
6951
8983
8600
3946
6362
7384
6511
5671
5617
5647
5623
9354
 205
4750
2594
6688
5931
3899
4232
9256
4916
  49
1676
7404
6441
1942
5633
 715
4253
8933
7728
2474
4866
3244
1063
  43
4407
7121
1808
9591
7349
1803
5291
 485
6891
8582
3353
3256
2473
5561
3895
5440
2347
9534
5686
7252
 180
2389
1832
5106
2806
3988
 681
6497
 783
 313
7275
2326
1936
5639
2318
3355
8015
4496
6646
6057
6146
 674
6593
 375
1637
1179
7178
3604
 155
4105
7987
9424
 467
7538
4149
 278
1401
9535
5369
9713
6972
4332
4910
5070
9550
2352
5712
 939
2356
1465
 340
4688
2311
 549
5253
8564
6525
3789
5863
1442
3255
7668
7176
 795
  86
 506
1267
4475
5040
7036
1568
8720
3336
8662
6202
6654
3921
 458
7270
9586
6724
2672
2354
5011
2659
3579
9094
7350
9745
3549
3693
5525
2199
3647
9309
 973
8672
5000
7720
6126
6048
8358
 259
 263
4250
5251
9044
3576
2195
2983
8088
3896
2609
2519
2967
8569
7370
2343
7461
7938
5557
6036
8410
5947
6983
9497
3513
1777
2709
9450
6731
7143
8050
2346
7629
4209
1953
7963
6504
5927
2340
5397
9008
9481
1443
1757
3674
5296
5068
9959
4132
 747
8264
9947
 854
6360
3349
  80
9046
7855
2421
5643
2147
3989
9390
9877
5475
5283
8174
3787
  48
3718
3685
4852
 455
6599
9724
9394
5379
3044
 312
7131
3100
2884
2514
7757
3117
4719
2575
1724
4851
3856
6962
8422
5267
7046
7136
 797
9847
3817
9300
1484
5177
6609
3037
 102
6313
3619
1234
9968
 976
9201
5738
3364
 238
 768
1858
6765
3512
 196
9103
9809
4032
1487
7637
6577
9958
8116
4692
2372
1390
6808
6626
6356
6205
 122
7853
3065
3867
4155
7193
3292
2946
5319
4592
8549
1362
 163
5220
4960
7902
3329
1181
2240
6170
1030
4122
2665
7267
2899
3780
7921
8889
7667
6361
5327
7715
3622
2648
3981
7547
8518
5433
2032
8195
7750
3986
7695
3675
7957
7861
4899
5218
3373
7471
7664
5613
6776
2863
5784
1632
2615
7031
 852
9262
7607
 870
7743
6409
5665
4726
5742
8047
9938
7979
5602
2039
8081
1540
4533
1956
4686
9155
3462
3003
6471
2702
5941
3322
3053
2932
5891
9377
5528
 838
5128
2217
1228
5514
5750
 906
3352
4044
1077
1425
4586
 929
 104
5559
3467
1998
3929
9674
6894
8324
7411
2211
6229
3300
6971
 904
9532
3269
4364
6267
8206
4798
9676
9428
2506
6392
1845
5293
4145
4953
8036
8356
7266
3866
6462
9219
2563
1617
3650
7624
5008
3208
7998
9474
7053
9405
9448
6625
3654
1168
7892
2155
5076
3042
 899
1767
8727
6125
 801
4403
5405
9456
9485
 853
8229
1669
 291
5759
1897
2273
5590
1174
3457
3318
 315
6739
 500
1001
2926
3382
4658
5366
 354
 971
8866
1754
5520
9869
6150
6633
4435
  42
3139
6668
7483
5875
7756
3658
9984
1283
7556
9486
  30
5153
4685
5806
4470
1707
8424
1337
9200
3541
6855
4354
8643
5056
2357
1094
5823
1815
3500
1866
2395
8315
6327
7520
7944
1881
8090
7219
8544
3278
7105
8048
7841
 730
4529
9444
8969
9195
 525
3979
 418
6606
9410
6197
 295
4618
  94
8271
5157
9108
7740
4602
3294
1827
1227
3323
9827
4621
2969
3419
1066
4499
7013
7225
4731
4766
1224
6586
 234
 555
  63
 997
2689
6568
4613
1577
7253
2008
6093
1527
  97
6193
 669
5314
1785
8159
1048
4671
4423
1281
6759
2165
4922
 573
2819
1260
7078
4309
8719
9993
2332
1595
5393
3827
4945
6032
9411
6783
5595
8032
4544
3162
8043
7671
4867
8178
8171
2328
6543
6027
2037
 139
6547
9605
7836
9499
9564
9229
2427
 408
1542
6310
1298
4788
2493
7691
5554
7324
5645
7063
2351
8844
4454
1000
4818
7929
1580
4018
  83
1836
8377
4921
7501
3852
8987
5890
7856
7931
1312
1279
1646
8318
3308
2833
9418
 314
6024
 429
3927
2942
9577
 617
 144
5442
3614
9928
8068
3068
9482
5501
6723
3606
5540
8548
7967
6553
1491
  44
8113
3618
4115
5113
1683
9638
1831
9127
 488
 341
3755
6103
3624
7399
7093
3820
6121
8770
7022
3506
7194
2400
9047
4555
 175
5303
  41
 634
3088
8218
1296
5142
7553
1921
4492
9089
6095
 373
1025
5093
 229
6952
4762
 591
4985
 667
7321
6122
7189
7024
9386
8200
3651
9144
1400
6693
7827
4543
2065
1745
7445
9113
6432
7978
9987
2020
4027
2194
1095
3994
5188
6073
1790
 129
8557
 784
1358
3565
2345
4864
5673
7405
6878
7287
8875
2721
 936
 814
9365
6283
3992
3359
4090
1961
7449
3120
1883
6132
8013
7869
7802
7976
6990
6719
3480
  18
1915
 861
8596
1333
1911
6514
7806
9804
7894
8994
3471
5085
 705
6230
1992
5208
3187
4507
7076
7454
6373
4783
8084
4769
  55
7128
8122
7339
8725
2439
2809
6010
2313
8073
1626
6035
4181
 860
2085
9660
4875
6491
1980
4153
4752
8807
9686
3790
 211
9381
4240
7755
 728
8515
8852
7493
5848
9231
9872
5122
7776
7813
 387
3113
5519
7340
6864
8330
8194
9190
 134
 327
7154
9525
7594
3690
4000
8641
8993
4530
1862
2529
1758
2239
7981
 123
4942
6102
7531
 580
3133
6682
2336
1102
4007
7229
8156
4772
3566
5422
5203
9459
2949
9744
1111
8341
1406
7243
2443
7138
3510
5485
2668
4106
3372
5134
5455
6109
7430
8121
4238
7363
2059
7923
5627
 585
5685
5481
5445
2323
5526
5966
4926
1919
1594
1031
9814
8560
5158
5044
5522
8262
7066
1666
8250
 451
4952
4779
 978
3977
2265
 457
4663
2556
 704
5112
9793
4267
7510
9575
9222
7821
1196
8375
6159
4542
1087
9607
9923
4426
7213
5961
5707
8302
4896
2636
8319
7509
 345
4557
4464
 207
1544
4880
 148
8360
5463
1396
3772
4372
2613
6786
8321
 533
4360
7268
4831
 119
3776
1402
1760
8389
3011
9479
9917
 292
3868
1438
8912
1251
3247
5242
5074
5822
2540
2810
7212
3903
7525
8231
3875
 918
6309
8454
6620
1495
1809
5438
7831
 293
 135
9220
1855
7385
3047
3143
5985
1314
2570
3898
9172
1851
7960
8967
7258
 277
2184
3727
7295
2291
5491
 589
1612
7168
3828
7201
8405
 421
7883
8387
9574
9738
 611
1052
7426
7805
8527
4900
6429
8448
2915
7830
6544
5098
8277
9494
1157
9306
3751
1187
4963
3421
3028
6961
5079
2608
3597
4224
1954
4501
5954
 223
2530
5145
1576
7085
4139
 788
6635
8196
6510
1918
2564
1069
3504
8373
6703
6049
1779
9900
7952
7185
6475
9126
8365
 215
 125
8809
6802
8715
8947
5057
4484
7708
5259
9933
3913
2125
7951
 641
5388
7133
5591
2444
1247
9259
9077
2850
9375
5495
1343
4455
2485
 857
7939
3145
4877
 933
6667
3016
9701
 687
3282
1844
9468
8680
9570
1728
 468
4237
3876
6785
6243
3176
6559
9918
2244
7924
8238
5579
9189
 914
1028
4289
5923
4649
7718
9889
 353
8690
3616
 998
9177
4273
2004
2158
6171
1292
9932
9864
3897
 686
8460
  16
7544
5801
3535
6387
8954
8599
7132
9042
9798
9380
1665
3556
8320
5116
8867
4553
5836
2905
4468
7636
6352
8965
1705
8467
5990
5396
1518
 917
 895
9118
4490
4028
2172
9276
2484
3422
1320
7881
1231
5092
9544
1681
5563
8814
3455
 569
2006
9135
9372
2831
9301
2978
6666
1611
2143
4805
 323
2401
8581
4495
4286
2940
5956
 832
9541
2845
7980
9403
3915
8076
2875
1747
 709
6928
3470
7480
4399
 778
7207
2472
5797
1588
1547
5749
6980
1369
1729
2902
5980
7970
6139
1270
7639
4583
7033
8550
9666
5973
4972
6318
8934
 659
1916
4680
4059
1403
2726
2241
9388
6467
4409
8644
6473
8804
5239
9915
9129
2954
8821
2204
3600
 294
7114
7420
4110
5336
6338
3338
1318
9922
5881
9298
6581
8588
  33
8223
1460
8308
 600
1150
4248
5820
1107
5037
 348
9303
 905
4183
7901
8670
 654
 898
5266
6755
5286
2124
9006
3371
 480
2368
8878
8386
9387
6645
2227
3521
6238
8918
5192
8418
3574
9489
3465
9740
4928
7438
6779
7476
7760
9286
9455
7819
5151
4937
8216
1073
7433
 381
2477
1221
6481
8833
3448
7908
2581
9937
5523
3919
 732
5367
4906
2532
1451
7020
6081
8752
8260
2612
1245
4994
3426
7097
6890
 169
3598
8568
7768
7119
8843
4341
9214
8237
3316
5302
2859
4003
9515
6370
7764
9169
6137
7073
4497
8961
5638
1480
9475
5906
5777
7690
 416
5100
7127
7507
2304
9894
2309
2943
 887
6286
4060
6910
7011
1902
   9
3734
3961
 946
7619
4469
6252
2780
6932
2603
1735
5385
7854
2179
1284
 896
7277
6353
3944
3099
 419
1412
6037
6385
1029
7403
9168
5254
 473
4815
6189
 117
2463
5657
8244
6782
5311
8682
8577
7588
3284
1744
1463
9438
6288
4385
5586
4820
3966
 167
4673
4659
4294
2646
5524
2048
3001
8614
3440
8138
1888
8701
6196
4410
2754
6344
9192
9719
3112
 954
5269
2981
2764
4422
4652
4288
9351
6090
4494
5437
1906
5905
1398
9139
4282
8529
2102
 630
 799
5818
9384
1132
  38
9817
6655
4786
1691
3716
8342
 652
 412
3860
7716
5529
2641
9972
 582
7195
6925
9392
7291
4010
8787
2042
5332
4571
 470
8930
1142
4930
8882
4695
8539
9768
 633
5326
6149
1003
8177
9027
5053
9466
7223
8570
9767
9391
3356
2788
 679
3081
7380
6882
6395
4418
7460
1360
2266
9994
5104
 114
3655
9228
 594
4445
4025
8182
5073
 637
8306
6089
1204
6157
2789
3136
5402
5288
9929
1105
6926
6976
6701
 824
2897
8233
7964
3132
8648
3213
2872
 447
8823
6119
7364
3969
3195
7918
2411
3477
1973
5007
1819
 543
9560
1342
 308
3799
9731
8974
2161
8766
1859
1639
9174
3756
9152
5996
1520
3634
4905
2378
2233
7374
7280
4597
1238
4300
7077
5651
7784
7424
7259
4933
6794
6656
2278
7479
 377
7885
4646
1477
7729
6440
3922
5418
3276
4498
2393
4142
1263
8687
9594
4079
7091
5770
7486
 610
7355
4179
5505
4482
2571
2242
2369
8251
2031
2829
8744
6947
2750
2490
5795
4194
1838
8778
7605
5184
6588
 817
5114
8437
3184
3033
6674
9982
1114
6201
1415
1712
3014
2115
3764
5441
1822
4074
7428
5003
1252
3348
7532
8506
5024
1051
3784
7142
5752
8943
2090
3984
7027
3792
5774
8893
2886
3632
9956
9587
8958
9695
3696
 744
9191
 682
9396
7867
3528
 813
4042
9606
 227
5861
7017
8845
3568
3589
6469
4196
7123
5045
7365
6844
 858
7137
8716
7930
5229
9736
6520
3777
7744
 807
7317
 958
 836
2111
 891
5075
4466
3428
1824
7603
8584
1207
9758
2190
1110
2214
9828
3842
3158
 548
8286
8791
8642
9243
7675
8316
5334
4252
6371
6319
1579
4334
1309
7235
7517
4556
6085
7158
5172
1510
5165
9763
6168
8326
3809
1054
2186
7041
8297
6823
3429
6104
3299
7412
7771
4474
6694
4540
3596
8338
1552
 266
1846
8952
8165
4934
6643
3538
1152
  59
6678
3207
1409
7873
6378
3433
 192
5564
1697
4601
 518
 540
2577
2302
3056
1494
1326
3169
7941
 653
9125
5701
3092
2747
7933
3498
1636
9312
7866
3180
5979
7648
1740
7242
 343
4206
2370
8879
5329
1064
5900
8925
5515
9800
8451
5739
7660
6945
2245
6798
6180
7490
9939
6002
7226
1660
8634
9810
 195
7315
7948
6485
1493
6135
9547
1788
7386
7822
8978
4532
9655
3165
2851
3009
3775
5705
4336
4578
9896
3430
6287
4840
7474
5443
3681
5383
7618
8059
5018
9165
7209
7775
8146
7343
8488
 332
2440
 440
 856
4083
4632
8026
1100
9164