1000
439498
877778
205020
785128
676129
630532
513007
293485
329680
975650
684785
185870
779326
541594
487557
666047
30222
615128
700888
387405
628135
934283
987603
814111
49830
262460
22389
163696
977377
445815
159605
416874
323593
880977
718353
516073
27860
747712
325910
357539
723361
10694
59760
19038
68639
63668
201436
98860
195147
902323
486265
823282
352958
473867
637392
919139
736326
176132
82835
713702
138299
758791
646927
461891
156119
365280
494315
183978
629343
820224
57868
352703
830918
633979
371740
415908
697647
573175
514768
892793
991849
1032
232426
861158
991250
869818
780297
243927
45949
863131
473981
700599
621921
120907
162489
778040
2538
656804
478369
631880
993379
536237
984582
340648
686567
872673
756556
384213
962199
271323
793358
954048
788706
25783
815205
779955
411952
111853
23881
974253
974983
497861
674851
113256
135120
353692
407647
137657
526847
402367
285889
520225
454955
786822
860873
141522
659495
617428
42086
138045
405102
835443
608444
193807
377578
423649
973761
305881
51853
513993
280133
26836
11854
471336
656443
663325
825027
580441
317333
351873
982807
603221
872097
437762
390043
732969
579283
565889
866748
621368
703933
271849
973163
312377
982007
867092
252377
472119
172972
304229
986112
453105
847416
514317
924440
20210
177641
265818
600650
494973
617690
99809
614546
489786
537570
4588
739107
633204
86828
122206
770923
307112
910407
260437
135840
892413
127528
904568
364532
300500
208797
866995
269956
572564
381311
710747
109126
75303
976564
226127
86627
110605
325935
701172
116742
379856
222111
855848
13059
308938
494406
300334
616050
404812
560770
268241
297224
688298
172809
178107
505149
897957
45101
291456
470520
942763
2202
95997
18065
495117
322124
104692
605721
648058
805863
722462
544266
27974
94662
73676
853263
105419
374009
985664
510230
451131
253905
323805
655780
426713
501912
160928
324669
63364
968735
311540
6127
970936
923889
24191
982404
246012
645234
104476
410421
967449
826937
954686
995422
437950
28362
365036
543368
918722
350700
569949
369852
120956
893754
25631
547668
912017
702910
388688
975380
671644
216579
497858
642579
140467
522049
141334
386478
683634
245809
313251
651082
589098
267936
162855
543399
812649
527891
86767
731371
394942
656715
101222
515897
66820
126853
579916
978836
346114
968603
470568
17758
701533
968425
176688
842000
6825
318022
744829
690459
80182
58079
341540
669279
842367
20747
212678
655015
64989
815796
386385
459930
988862
3959
492178
55682
647163
72093
550869
993276
557047
21436
11033
258579
989861
187721
616930
996685
22094
878111
687143
102275
452541
545035
287906
294907
565781
16935
466274
630769
832730
369010
607050
821591
372968
99227
393624
20130
687671
944493
529758
244717
965928
540790
19647
955788
244862
152929
468825
783307
31039
155967
401934
999931
217353
689839
294838
299485
706773
277463
446605
55854
646472
53654
393796
19440
669232
787420
555921
356902
731912
85678
601618
214191
142820
137617
169979
904033
290545
638803
687340
837935
311121
89273
837865
528474
295463
132702
344310
518587
410164
790915
574440
572988
844568
968235
592427
513800
755654
148347
870701
3917
750377
988671
218108
893196
126287
904438
313580
933183
59592
919
771117
370712
606543
608981
415537
418357
258035
759847
936943
184550
550761
27734
757537
911680
995969
866315
425479
267974
531014
812532
788243
281390
801202
522702
690937
443840
427139
4516
377022
486730
521787
148138
373793
644681
757118
305682
579390
531504
65528
516332
716054
132640
60418
473590
44319
572738
856257
986150
840711
387270
798681
145305
668659
599882
668006
875947
560073
95144
396814
937094
98225
918600
85231
472018
79633
358700
777699
659022
890204
359578
691705
122609
8569
752122
112550
52887
841211
968806
39036
681922
356075
837716
343578
24733
953949
11584
417031
514021
623079
813845
967466
237656
732444
52696
226025
328428
927748
3723
503801
817951
879652
711858
456911
888220
980331
569460
457458
821542
538266
496494
19815
894340
850561
363392
435425
320862
891327
852455
351234
30758
666299
318700
268413
915095
887747
494437
759874
815494
14511
780027
149796
410514
491884
606706
298733
472214
176166
756190
293755
230783
769035
313569
641474
135948
193313
593250
456809
84639
962057
324394
115396
628355
643093
900160
59801
530840
394596
336027
862685
925458
116053
12481
335971
607936
135538
151055
596501
311703
907245
890256
58837
192631
720176
700311
328578
429840
293560
301738
514479
255616
142484
146226
400323
785576
562738
976475
832767
957333
828853
211804
399143
461257
224284
735113
585544
359821
886168
182045
187876
309764
588652
763064
18746
825179
463374
347324
255019
273286
165413
769497
45253
307896
432074
961927
609824
994811
454754
958942
468496
283606
170745
867638
744863
911380
602750
330406
787553
5269
28802
491780
315032
617453
254843
333778
442632
234569
197453
697650
24206
879217
983498
69458
703465
931923
547737
829640
443086
2490
304933
911581
802447
992030
295570
63661
419761
414671
394067
207313
419940
939220
215444
251323
556673
986639
101452
515656
221207
815256
729657
245412
210825
229506
831221
914289
161428
895309
260280
120865
897798
565212
32445
216597
557241
844366
280257
977002
259037
674323
700666
678976
129895
432462
446650
686567
419100
548102
718574
640306
879709
964582
402069
90533
194087
749641
521173
871866
644950
781452
992731
59099
863016
541527
275695
936608
385893
555952
429961
644929
746626
130627
840256
876520
563088
286905
79438
498539
351358
798011
138844
231067
762592
57264
837951
473030
806904
359124
344896
968205
656927
853978
27304
519942
911856
819350
456550
297748
375301
402862
459028
121927
533488
299283
514798
612927
102540
594236
627817
453897
908598
766660
201315
187542
340275
555618
660571
663531
914741
521818
148087
88019
375795
175390
124313
287651
511092
97214
101750
886392
500075
560778
524670
549915
376412
39468
679193
478951
150055
307010
449200
58652
590021
166866
246193
930296
722483
423116
110178
153575
944933
258264
757946
837080
950006
882258
641082
461097
979471
742831
863840
479545
819960
388510
545811
196372
944329
225004
191674
610735
532013
157225
185738
638385
324091
948283
568680
562925
371398
678857
232852
316330
453473
990797
669761
403478
873054
310842
864574
368876
53673
728413
364772
873632
633274
910583
586355
93954
135586
778029
704688
183950
935253
890426
822334
775695
838708
907366
338620
210105
102574
87823
42786
556046
78619
712547
959523
468024
23388
340448
836899
77060
68861
201670
467044
218486
112252
53398
312440
764189
347778
17127
464490
283031
907552
286824
575077
262611
710541
430048
472715
813114
517870
31853
369160
112840
744399
845034
580863
284138
185482
417761
877550
770694
135783
344593
989179
248034
914342
301618
528575
262120
835097
993064
61502
742648
796239
636578
5259
506779
582978
994325
319893
100847
26177
205404
213687
286927
50437
310901
571065
752270
728662
964966
39315
